530070000
600195000
098060060
800000003
400803001
700020006
060000280
000419005
000080079

530070000
600195000
098060060
800000003
400803001
700020006
060000280
000419005
000080079

---------------------------------------------------Round 1

530070000
600195000
098060060
800000003
400803001
700020006
060000280
000419005
000080079

530070000
600195000
098060060
800000003
400803001
700020006
060000280
000419005
000080079

---------------------------------------------------Round 1

530070000
600195000
098060060
800000003
400803001
700020006
060000280
000419005
000080079

530070000
600195000
098060060
800000003
400803001
700020006
060000280
000419005
000080079

---------------------------------------------------Round 1

530070000
600195000
098060060
800000003
400803001
700020006
060000280
000419005
000080079

530070000
600195000
098060000
800000003
400803001
700020006
060000280
000419005
000080079

530070000
600195000
098060000
800000003
400803001
700020006
060000280
000419005
000080079

---------------------------------------------------Round 1

530070000
600195000
098060000
800000003
400803001
700020006
060000280
000419005
000080079

530070000
600195000
098060000
800000003
400803001
700020006
060000280
000419005
000080079

---------------------------------------------------Round 1

530070000
600195000
098000000
800000003
400803001
700020006
060000280
000419005
000080079

534678912
672195348
198342567
859761423
426853791
713924856
961537284
287419635
345286179

---------------------------------------------------Round 1

530070000
600195000
098060060
800000003
400803001
700020006
060000280
000419005
000080079

530070000
600195000
098060060
800000003
400803001
700020006
060000280
000419005
000080079

530070000
600195000
098060060
800000003
400803001
700020006
060000280
000419005
000080079

---------------------------------------------------Round 1

530070000
600195000
098060060
800000003
400803001
700020006
060000280
000419005
000080079

530070000
600195000
098060060
800000003
400803001
700020006
060000280
000419005
000080079

---------------------------------------------------Round 1

900187264
021506070
678020100
250000000
810070342
004802700
003250010
100430007
000760000

935187264
421596873
678324195
257643981
816975342
394812756
743259618
169438527
582761439

---------------------------------------------------Round 2

240310967
013769040
709020801
930400000
620090453
008602100
006083010
300170092
102045000

245318967
813769245
769524831
937451628
621897453
458632179
596283714
384176592
172945386

---------------------------------------------------Round 1

